0.1648141,0.6276721,-2.51457,1.210505
42.07384,317.7972,269.8077
-0.04597871,0.6256849,-2.455241,2.008996
74.58218,75.07631,90.51198
-0.1281184,0.4757698,-2.487804,3.142401
61.4121,61.15146,89.70283
0.1281148,0.4059248,-2.487734,4.074325
56.01295,304.1995,270.2565
0.01148054,0.2925426,-2.452223,4.969869
87.46294,87.4628,89.99981
0.15239,0.07857811,-2.503863,5.883496
45.05843,314.7986,269.7982
-0.1012885,0.07266796,-2.472577,6.981157
71.84677,72.26505,90.43967
0.02008788,-0.03154224,-2.451841,7.864532
87.46294,87.4628,89.99981
